,0
0,310.0148980272694
1,291.42821764317773
2,358.4471367239512
3,276.6529368303063
4,316.1128468237633
5,280.8803410697865
6,284.4617559731853
7,318.8127408183703
8,308.4872675296367
9,296.1010648916538
10,292.9526330159922
11,273.13096941205663
12,290.70960829558084
13,306.52343167643426
14,305.69086223436943
15,283.5921892657383
16,387.2985618355698
17,278.0909141580399
18,276.46966517691135
19,390.71122746095926
20,330.0206494014797
21,276.8678393046292
22,393.15866624553894
23,308.12107713173185
24,298.6184824359559
25,309.81715868674974
26,263.60472475958363
27,348.52420405075685
28,294.5492024331421
29,294.4259078376299
30,250.66252419709346
31,306.85668932916826
32,289.54331940633836
33,317.0684147295151
34,300.07260529271855
35,279.85051144700014
36,281.7242504319491
37,295.4207995597161
38,524.5674308856575
39,287.3503075502959
40,361.7518987402241
41,228.32839147274524
42,283.39395724078486
43,864.8617748846161
44,297.83749851293464
45,292.627763305553
46,345.91881097406224
47,262.2991374057608
48,401.47187739402835
49,285.1676349122114
50,320.27858298891834
51,718.1591997696714
52,314.1394616391576
53,287.06354885217735
54,307.58673708737876
55,307.70668292768187
56,300.97201767529685
57,285.2289104504451
58,214.5984402771687
59,285.2665150760842
60,281.4818962811071
61,285.57061747237367
62,245.90519749986024
63,381.69579055991073
64,296.4942540201141
65,292.34501828513254
66,293.54339322328667
67,317.8709258910184
68,287.2481071710727
69,304.12213625273256
70,769.6306197594926
71,289.1014302289892
72,295.3963771559072
73,289.7114465968732
74,294.910713623284
75,291.93712426348316
76,273.95837843805884
77,312.1171621182074
78,290.93760415873214
79,283.79550636440865
80,323.89663663706347
81,301.14231838773526
82,293.26449159730544
83,372.92819985356556
84,292.5836667335987
85,336.90126250557375
86,316.5130356005
87,230.8256302452857
88,283.45328480167154
89,265.5413834435531
90,312.9458939777311
91,270.15949269866906
92,890.2707394434523
93,302.39051227515137
94,288.09036193661166
95,356.1317075894602
96,288.82397968718976
97,235.61028990872003
98,344.21289374049445
99,266.0753162500558
100,276.4853996813694
101,282.7989984159645
102,333.268461429296
103,287.294599811905
104,300.09034431898573
105,304.7400050869628
106,307.84637353947795
107,309.8231523401334
108,292.6752368613394
109,292.6295212851909
110,297.5512308377691
111,330.91304790696284
112,299.41191331488375
113,339.58217501836674
114,279.0025094691834
115,308.19373270288116
116,307.6280178043313
117,256.7639844326348
118,342.1259276592667
119,314.53204629850677
120,331.34724621041914
121,288.96500069917226
122,298.26144122499534
123,274.9049707107279
124,324.920029419343
125,299.8052521218822
126,257.43084674926484
127,309.90863388054333
128,314.2345571961289
129,281.7552118815612
130,343.9924587138082
131,278.7840063378659
132,715.4440038927568
133,289.9312913790218
134,281.67962789503343
135,384.70474419412676
136,297.50212653356016
137,308.49509668720236
138,292.4472917269537
139,315.433719091415
140,372.3003267771444
141,294.45224390355037
142,268.17954738783646
143,297.0448798887312
144,325.7328996389357
145,393.07771700591786
146,337.71822300734175
147,311.4176679012634
148,297.50073866302876
149,334.36683235428944
150,296.69947162700356
151,397.0022265032877
152,337.60711250499986
153,327.50499427718324
154,298.222168756859
155,307.12638388309017
156,395.87959283320845
157,320.862538035863
158,289.12335076529047
159,256.9151210003689
160,301.599768163284
161,283.6481425290575
162,279.5573838554585
163,276.38907490795225
164,295.0644070303679
165,303.3059445356747
166,311.69411265478413
167,338.5231622741946
168,288.70187853930116
169,318.96107027882397
170,282.2624826436934
171,334.7051981691941
172,333.97117728071925
173,328.1293037060101
174,300.00952338044806
175,304.174959706165
176,304.29100156675344
177,317.3776876688089
178,305.8084668503304
179,318.0477685806485
180,303.8715441760197
181,279.04729164980296
182,303.72584389930097
183,315.7519485096748
184,347.8559339575812
185,288.77605165637107
186,847.9127090516942
187,266.349318461146
188,301.39802128543613
189,284.16832138672305
190,278.92551306145884
191,284.7670035153984
192,265.12458452953865
193,297.25351921170306
194,314.43683041687115
195,268.85187911373487
196,279.6422577520309
197,274.74948753203574
198,289.82160083590713
199,302.24978484185067
200,299.71072585866193
201,276.6380848409739
202,307.6906347057076
203,412.5080650134598
204,302.3617176846246
205,297.64204909291743
206,299.6476636447566
207,367.0207630957898
208,303.1608692599899
209,325.7611977458245
210,274.2298315958401
211,290.7718919913967
212,298.7662173984585
213,286.07888008254645
214,344.89721886448973
215,307.08358925533605
216,316.50806550823125
217,333.2568743548301
218,276.1549751910957
219,305.9347548626912
220,285.50807705138027
221,312.52969050449275
222,316.46048480206866
223,281.35040734089137
224,753.9479234295496
225,288.4091787036592
226,290.1592479460306
227,268.246567431264
228,310.4968154042908
229,319.6674275295609
230,328.4406409789028
231,296.9828809911213
232,357.221696609138
233,263.7918521059386
234,282.38134511129505
235,309.06417306946395
236,287.853783886851
237,295.8542486764803
238,302.41245982216617
239,282.93023819431176
240,273.70882609105485
241,330.2239386680499
242,270.7937067539803
243,274.5461358331738
244,286.5054542280419
245,289.35555724455037
246,341.58998831844167
247,307.9965074190285
248,388.5151312582131
249,289.84404516803795
250,259.245079376258
251,288.36450223447446
252,281.56957866876934
253,360.7672601275219
254,309.2134074044558
255,280.25238399325673
256,274.4558030031476
257,281.3282842847655
258,356.3854853430221
259,300.3853015981158
260,320.31510991688475
261,335.3406425630876
262,288.6278410280037
263,396.06906478025724
264,325.96315564782816
265,331.2792126156483
266,286.3437632962351
267,327.15030515543543
268,283.15781665108415
269,290.3495698757007
270,260.2191312407174
271,287.61053007172046
272,316.1688060011961
273,329.60094901968085
274,333.29869448293505
275,256.3294227704044
276,302.4608394846723
277,272.1703534422958
278,297.7367858813078
279,312.7921027746406
280,303.4605341274302
281,283.5041517978674
282,276.77213635929695
283,310.6260567337756
284,299.2804636260132
285,744.4750572044645
286,292.0151925694769
287,296.7539945072854
288,277.8107990276344
289,286.13700137685055
290,285.5471670310259
291,274.8563416831109
292,277.067246272184
293,294.1445408377662
294,367.9569617104228
295,300.4826964984857
296,287.0775196753365
297,310.0106759154316
298,285.7824817552255
299,298.3576296559672
300,293.0834893443934
301,203.22148546411012
302,246.714351058087
303,306.00228894740883
304,292.2515883716048
305,286.24075855186584
306,272.66081962673934
307,276.8806398498719
308,190.95236632185495
309,279.7535784641395
310,316.2784089502686
311,270.06877098310474
312,387.6740175283642
313,370.95044775864255
314,319.64019863080387
315,278.9521794416659
316,301.0101420829986
317,310.38410465626606
318,273.14672924518516
319,268.43582893900754
320,284.57352911993155
321,325.40070177445716
322,235.37572335901632
323,293.1727008829719
324,278.8481247363997
325,293.19103527008735
326,282.7413468871109
327,291.2286003673508
328,311.83373715547066
329,303.00959525807195
330,274.6232277989386
331,367.6721722962719
332,279.05821720523704
333,334.24341428447696
334,286.16934346724776
335,260.80637649381936
336,285.875297522617
337,279.60811610226955
338,338.4111002117935
339,317.31371201475076
340,281.586094296888
341,288.4167798626435
342,290.476848520139
343,295.82690725328223
344,283.02224477137844
345,281.31427798013516
346,281.9643338207826
347,370.0295671704803
348,288.9275300524404
349,254.88819891733272
350,288.0809743278694
351,281.36872092023685
352,271.0854853698526
353,318.4510572387918
354,294.11476232546113
355,280.21154110852945
356,293.9467091392394
357,364.2791355656251
358,323.3293785416531
359,277.48767218957175
360,272.7469979267752
361,284.46373808413915
362,309.8984762143704
363,334.0878167810087
364,285.69471957427413
365,290.82936955887914
366,327.91447417104695
367,320.0125005200359
368,313.1500995248391
369,296.98245357932126
370,288.2909534055109
371,274.69825481628317
372,303.0100469132335
373,315.8908191814983
374,345.9190761735737
375,270.6400859566645
376,294.46126917583626
377,318.16212792889974
378,304.9405214355893
379,323.59199300269916
380,306.38872438610207
381,292.30033069166586
382,284.02571583067464
383,309.7056611743942
384,282.00389290933094
385,290.07271509195243
386,358.9910935223008
387,254.03295142526278
388,294.11072577119717
389,290.52811997214616
390,349.10976408959215
391,403.0913720549437
392,337.08866466818597
393,316.4291946978253
394,284.1193436112249
395,306.0503114706329
396,289.48030064662646
397,344.3038105553023
398,268.18329369653117
399,369.02786714967124
400,304.0063329112017
401,293.35146343031886
402,286.5262386141079
403,310.2730240214347
404,298.3459300564749
405,286.1188459193107
406,320.2710566674568
407,392.8338842110134
408,286.32091995375504
409,312.4693173788357
410,292.88467022481154
411,378.3206956565274
412,336.82496221482376
413,286.74649329413023
414,293.9639160193917
415,302.69134006064576
416,293.9515869663543
417,274.8052606433457
418,285.04229919713447
419,296.15854968954517
420,376.74917370744856
421,301.41414259015716
422,332.7542266181024
423,270.365113541036
424,307.6248956751585
425,321.94161499138943
426,269.45115553833443
427,284.6158558509222
428,294.63032510555206
429,306.42155463228454
430,964.4515055358933
431,315.1127306664059
432,289.34044649627214
433,395.28697220304855
434,293.04491665306205
435,319.782163841355
436,309.1669366158693
437,299.3343597021076
438,289.3565074357602
439,305.33116683097387
440,335.9450976175832
441,294.31832799869466
442,295.57745577084256
443,329.06336946250667
444,313.29196950716926
445,342.588707492032
446,333.84526904154825
447,307.669824086919
448,188.41991705057683
449,267.7127598810505
450,312.2726347717844
451,295.03782730370085
452,298.41452996484054
453,309.06528108193584
454,322.7051888524361
455,303.4916989767265
456,326.4342620997598
457,280.48684880909155
458,305.1087657950401
459,291.7734856364387
460,293.19418497888785
461,280.9787718840137
462,307.5196107502383
463,274.09802332133637
464,298.382139654837
465,275.46828346959904
466,276.10611874206825
467,251.06398247159973
468,300.82064455908824
469,279.1914984891063
470,312.1335160524357
471,308.98620653770934
472,284.46431448648
473,297.8883929145345
474,317.23005510808434
475,290.0942267773208
476,285.6060325260035
477,333.5973545412702
478,295.9507296412985
479,281.0158881372677
480,313.3231186314113
481,340.86973163511055
482,363.728083751854
483,275.5206677191136
484,295.52749412733283
485,299.48399137479333
486,354.39218234723813
487,274.4815390232205
488,261.70470580685867
489,294.99366046757757
490,310.7925754786678
491,312.18855163418345
492,319.45308375379676
493,347.4075826643521
494,280.0551499505334
495,301.31639797192656
496,323.6671279591287
497,276.8531212812241
498,291.90405592208975
499,301.7638126563003
500,296.11734390254435
501,316.6044726835669
502,324.3906104167744
503,283.2583936021092
504,283.662050203597
505,281.06640556775824
506,291.5970608450634
507,296.0109275364608
508,324.43602442544795
509,275.5986683828997
510,295.44665392697755
511,292.3791119349571
512,297.8895110019989
513,286.83548264457244
514,298.6864959659298
515,299.64681227943197
516,314.38500704263436
517,297.45619270093783
518,360.2526106923703
519,316.279656552339
520,334.0073638269174
521,307.10291678021787
522,348.46065524900376
523,318.16439925447753
524,274.7713399263261
525,145.57481868871594
526,267.15460414191176
527,325.9488788287316
528,307.4524460707298
529,291.89696194161934
530,265.73196702833457
531,292.1123487017216
532,365.38947161742874
533,310.89783185290116
534,226.8075148028065
535,298.2128425937316
536,292.4240881118295
537,239.06445784249075
538,381.8396985044664
539,366.4080527343342
540,284.72129507081695
541,285.48273690443517
542,301.13274315492816
543,1004.9820170462993
544,299.10868284573536
545,282.33703407820997
546,294.1996231777665
547,282.6095038787097
548,291.6512898997361
549,309.53425920160305
550,299.56341002797285
551,266.4255284907396
552,196.49969436316144
553,286.1541788875684
554,315.2651742465745
555,224.98281858550138
556,317.3100832502486
557,262.7185703934441
558,292.04467850520064
559,301.72990901670664
560,292.8138985450375
561,311.67133761852836
562,347.85104086431363
563,292.4335682547148
564,257.67549433720717
565,280.7167651435767
566,287.623076399576
567,282.5132545766649
568,281.71301316839003
569,296.1038881563381
570,368.0789656794733
571,286.9868830702677
572,278.2073259724805
573,296.37971036954383
574,316.4746129753181
575,494.4131619440301
576,273.0408407868329
577,307.3547899057028
578,320.14930370493107
579,265.9497378939622
580,297.6399346692474
581,289.9681463683519
582,382.3909912199277
583,289.73029086649206
584,321.0767903643384
585,295.3392860232033
586,291.0549698819964
587,337.9267194674009
588,357.0842948655058
589,344.67676505739314
590,316.2090114330589
591,297.76369025822055
592,307.0375093132815
593,269.68389489467125
594,339.83278352354705
595,359.1596353066089
596,316.8360053350492
597,219.34286638816434
598,277.11024464314403
599,287.4893662133335
600,276.42211920659463
601,287.5507435224545
602,331.7096462226845
603,182.34547053708246
604,341.3274076144096
605,336.33244977546184
606,276.9725588327519
607,286.49031516032073
608,254.15420921918752
609,270.98573310169854
610,810.7702677236346
611,303.72747892292944
612,275.0595240602574
613,324.12016461935434
614,370.85222900268275
615,307.6138853206194
616,276.8784067473032
617,279.8595093743095
618,267.67238518814645
619,318.29126406558674
620,283.5628375013332
621,344.48676827981944
622,311.62300397946643
623,310.06039094346625
624,316.55098619034936
625,284.6185339265944
626,294.5731114297181
627,289.97403442840124
628,283.0301173074082
629,327.6873715582015
630,319.62982756867865
631,380.7652085448955
632,332.21423721332474
633,344.2222332124986
634,260.4621632890891
635,322.26927083340416
636,515.7309163844144
637,341.81764365998754
638,301.43384307844656
639,287.43506896677764
640,357.49151938815993
641,289.79984962536867
642,288.9001970221459
643,369.8554620610306
644,290.725740404165
645,306.17666320438803
646,280.56912445637784
647,310.42516633642384
648,334.71005967897054
649,270.4191980611084
650,314.0949864730743
651,275.8059716739807
652,341.6919184897706
653,286.45683427444015
654,301.2575100444222
655,314.06935905621424
656,285.3907195840633
657,279.8919439611004
658,291.51829465633205
659,277.6383940243508
660,408.61392983505186
661,355.6639098377003
662,283.6231868546364
663,283.2998361925086
664,328.4680725120843
665,318.5796474244262
666,321.7942479467792
667,307.00457807655346
668,345.1434211866053
669,275.76948723952984
670,229.25793772083193
671,351.41049385639155
672,281.0925834189097
673,308.4560180540294
674,302.2932694126082
675,294.25358681096236
676,293.5961937150586
677,218.96592363624114
678,286.0154473166319
679,321.85871626370636
680,306.48496771004363
681,255.54771045072545
682,291.6302962765196
683,335.7511548058462
684,284.288970240964
685,229.66217607496066
686,285.817174288438
687,289.04207989724125
688,286.84515017104457
689,278.3698183147853
690,308.2280001521469
691,274.44143224661343
692,273.64757598530076
693,273.01871096206
694,291.994928150535
695,308.049016469409
696,292.5229553821064
697,278.35631604714047
698,295.3557331819026
699,299.88472208689416
700,285.0006479540156
701,272.7672472581136
702,292.89878567187725
703,363.7068689611829
704,286.1235872634584
705,311.7878810806634
706,301.52947092216687
707,326.31015894739403
708,335.169402415226
709,299.48602998832405
710,371.1927915414597
711,339.8961534307726
712,288.6521313201737
713,320.5991982610175
714,151.82744907633588
715,295.26866648943525
716,311.63639247760466
717,286.80989131532294
718,307.94997149843795
719,339.576220509667
720,404.3840538635272
721,370.19563869303266
722,302.4556631974963
723,278.56325624525454
724,290.32557772589865
725,289.3023238636744
726,300.4795781512305
727,302.68739972626474
728,293.04832230284677
729,328.43778799991594
730,297.3762922926602
731,264.19658016166386
732,298.0815331269563
733,290.0982278384065
734,295.9561206078828
735,284.53120855515164
736,289.60002636654457
737,302.1593953421225
738,311.65930536104014
739,292.09595663257744
740,284.33612013647615
741,316.30510047694816
742,284.7480806335905
743,293.95264569318886
744,365.62601050321615
745,268.8567454427407
746,411.58310097621296
747,286.2568718232529
748,287.45149657834133
749,292.4691209695529
750,279.15007760418433
751,282.0684808978009
752,293.19095503498454
753,345.07392691020146
754,297.9528130384274
755,283.50818108245875
756,272.12829832447454
757,303.6151733783891
758,277.9163936837757
759,315.8257092167994
760,293.60596440598476
761,282.3013987246833
762,307.83781061760567
763,289.50242815975145
764,353.29712913247556
765,338.6551077317714
766,287.9181517853865
767,292.16127619756526
768,271.62685373381805
769,294.3840791260471
770,268.94376537016586
771,523.327601724844
772,296.3049977353405
773,344.06548749894
774,310.10032229017145
775,334.87046644467654
776,319.4806540987032
777,205.00267802092694
778,285.02204468326227
779,321.7257380651089
780,270.9868564212339
781,313.7932528940403
782,342.8819153614681
783,289.8815928372064
784,310.668234991364
785,306.47244610518237
786,208.2864846578108
787,290.96885857558595
788,265.5048917018786
789,293.08702085534253
790,308.2339267530882
791,362.3056562297287
792,285.47113251906956
793,283.3593419343879
794,323.7799879762979
795,339.6159568508744
796,319.61029880952356
797,302.4603164549555
798,279.48596484160964
799,324.1293478378975
800,311.2080186389768
801,281.4113489218412
802,288.3106990249193
803,329.4267455764765
804,274.6976470128195
805,310.822871531676
806,286.5813050035829
807,285.4998423905276
808,282.44206952121505
809,283.35990964881955
810,325.5724676589341
811,309.46874084736504
812,287.26515655729236
813,333.5965566082612
814,299.222434697895
815,287.7545515264418
816,279.2864573380981
817,273.2438145377023
818,307.32941431650397
819,309.6805850479192
820,371.9848339606315
821,285.7482593546205
822,334.76810108300583
823,323.4943477121576
824,300.83100004913246
825,372.19209432576895
826,345.43547097410317
827,302.9332993358629
828,288.3871057254379
829,283.5703889452192
830,364.8621898295419
831,294.88052043201475
832,279.6327527817169
833,388.55006194584274
834,294.58520618011414
835,299.0657663787897
836,289.57940332686474
837,307.2961075160139
838,315.4753196255396
839,296.42541206913387
840,297.4119955940636
841,295.06050321615936
842,315.49659031065704
843,225.33297208859105
844,302.43613214879014
845,268.58892703035724
846,286.58853808721415
847,319.6736180233756
848,315.9439854460253
849,278.1282841304586
850,283.2927639582533
851,327.00081025553254
852,303.4112126895895
853,291.7961112413441
854,237.49190830169994
855,306.8253546918638
856,294.68091077708675
857,276.4981047121037
858,316.0181295496395
859,269.79349973680513
860,289.1938686274858
861,335.3592737520368
862,290.89757627379066
863,572.1756371586147
864,279.57298242724215
865,335.18605929120645
866,350.8779480444678
867,410.5243302085625
868,309.4334597657154
869,283.880444216501
870,70.38351294271538
871,281.5495850384797
872,287.77265305814245
873,275.6670034889608
874,293.76329918449755
875,306.4758553975862
876,314.5781643560277
877,292.8967169050834
878,270.2415011508815
879,288.0138315523027
880,313.0835766667712
881,371.34204671499015
882,301.9401501628955
883,385.64065148056886
884,263.906133882146
885,273.5413249222954
886,287.65080946023954
887,296.3317173324186
888,288.85187515160646
889,293.23207791873756
890,303.5553002131719
891,305.72333655162925
892,305.81994190405794
893,247.45737796029678
894,282.9796666910849
895,363.0732165455367
896,322.79366729354854
897,277.87418159120364
898,298.4521974711302
899,300.9241799113231
900,284.62824771561424
901,300.18291082719315
902,290.6494735220815
903,350.3522159062119
904,370.88126604534745
905,288.9472751353535
906,284.1039538803758
907,268.8935184551798
908,312.2604937708014
909,322.7769422328524
910,289.1622006811432
911,295.27607381151034
912,284.2945280028457
913,331.52861917699687
914,349.0544469638668
915,282.66830749155594
916,307.68232130962855
917,271.851280445092
918,294.8918180499172
919,291.0163066589158
920,376.61257491562264
921,309.8639668722635
922,292.2983962157854
923,291.95225985785675
924,343.8974801734829
925,295.78013700268144
926,279.64121153524434
927,271.5661657868502
928,282.3027248014963
929,260.10040479269026
930,290.98257783657414
931,317.03351656794115
932,293.2424507632568
933,386.9980837975293
934,261.88446696892953
935,285.2112120739006
936,283.26837144869876
937,299.80035658102577
938,290.33074535416256
939,304.2615125459855
940,211.90169686491708
941,317.4619068165806
942,312.5756564149866
943,311.29720730866177
944,350.1083925828384
945,300.9698071134385
946,368.7494092690038
947,353.31119364108514
948,368.2122094428906
